# loop=5
 #v=[array([ 0.61930879]), array([ 0.21925914]), array([ 0.90975433])]
0.0675408228816,2.81047659341e-06,0.999997146322
0.429824812214,0.676333445376,0.323593167046
0.552853131123,0.999999741696,1.77192490371e-07
0.685916622527,0.999996870096,2.21022624551e-09
0.660736106946,0.999999993271,2.39773844175e-11
0.621742490656,1.0,7.39783001396e-27
0.576727767112,0.999999996179,1.34804700412e-09
0.74259376726,0.966552716415,4.06516650692e-07
0.387376650022,0.0282307831697,0.971759613717
0.879412236581,6.58557730432e-10,5.43961499471e-14
0.902042988709,5.78962552085e-16,7.93477653844e-20
0.232831877988,2.32547665418e-16,1.0
0.194005587329,1.50070756982e-12,0.999999999998
0.572166225242,0.999999990491,3.95061233609e-09
0.893358152172,9.83601321975e-13,1.11779997161e-16
0.370041538739,0.00468820609646,0.99530945099
0.826369041642,0.00014313779661,2.70956076729e-09
0.360381676931,0.00164431491171,0.998354683427
0.0924228575365,7.69160889345e-07,0.999999220753
0.624551377163,1.0,3.89129863351e-24
0.944440781702,1.75530756527e-10,5.39795764939e-14
0.605792937304,1.0,2.79192752693e-14
0.624062314294,1.0,1.77533617308e-25
0.752259824009,0.880275879914,6.68850200755e-07
0.611724313431,1.0,3.20016058592e-16
0.649028970594,0.999999999892,7.9224095932e-13
0.723092412016,0.998051152549,1.04184198954e-07
0.561726224162,0.99999993823,3.4958776187e-08
0.287900167799,8.49538436803e-08,0.999999914874
0.950051493569,6.79173933623e-10,2.29792893059e-13
0.521272076601,0.999978405663,2.0144656731e-05
0.520342912494,0.999975684296,2.27650638858e-05
0.982905991757,1.0915671341e-07,6.18098179832e-11
0.062340826791,3.56395124646e-06,0.999996379499
0.809449351586,0.00212924236431,2.24922627512e-08
0.285684191765,5.64391455025e-08,0.999999943443
0.111387930111,2.2799876726e-07,0.999999769375
0.944759069559,1.90758949603e-10,5.89850799888e-14
0.482895144346,0.998022019387,0.00196400417722
0.362196454441,0.00200738638865,0.997991434454
0.724709202289,0.997507798164,1.18294949212e-07
0.650178669352,0.999999999827,1.18278753972e-12
0.0400450135646,8.90428578094e-06,0.999990934709
0.342990180313,0.000225812516043,0.999773996031
0.291702964318,1.67137436624e-07,0.999999832541
0.661730653921,0.999999990935,3.03465626511e-11
0.184833436943,2.03454428735e-11,0.99999999998
0.73029217409,0.994256439523,1.79893381329e-07
0.865148513705,5.14078209863e-08,2.98543563546e-12
0.218330925614,6.04157922379e-21,1.0
0.944118338825,1.612006699e-10,4.92977992463e-14
0.6988114573,0.99996380656,1.07569267089e-08
0.722723286358,0.998158062888,1.01169492706e-07
0.356845797211,0.00111049098823,0.99888878363
0.437640071299,0.820519607678,0.179411028596
0.982566619875,1.05139817661e-07,5.92404359112e-11
0.916910323108,2.78929430417e-17,5.17183563436e-21
0.34379337818,0.000248315389952,0.999751477127
0.167542433919,6.20620102193e-10,0.999999999375
0.032348304136,1.18130822817e-05,0.99998796389
0.551875181544,0.999999699565,2.09739126305e-07
0.0880231859631,9.88445485984e-07,0.999998998211
0.283682725597,3.86184298574e-08,0.999999961299
0.687202900728,0.999995945258,2.62971660613e-09
0.117002878562,1.51357658838e-07,0.999999846967
0.118559215505,1.34475747397e-07,0.999999864052
0.585072058468,0.999999999426,1.44268066737e-10
0.945253074894,2.16688751499e-10,6.75744269694e-14
0.741696210682,0.970466798863,3.8520413106e-07
0.255865821379,4.26666832743e-11,0.999999999957
0.372182616098,0.00588674273546,0.99411044595
0.173326606229,2.30337536375e-10,0.999999999768
0.606396348345,1.0,1.91161690415e-14
0.301386363083,8.28522300296e-07,0.999999170093
0.644228229534,0.999999999988,1.18337029243e-13
0.954009198676,1.55967735721e-09,5.63682461657e-13
0.26908743311,1.68773575701e-09,0.999999998308
0.306661362349,1.86287913178e-06,0.999998134242
0.59373940137,0.999999999951,8.32144768215e-12
0.351425772549,0.000602125702095,0.999397437714
0.156339005358,3.14288756362e-09,0.999999996831
0.438115750748,0.827447876576,0.172483261448
0.121008785669,1.11145919154e-07,0.999999887659
0.869597593664,1.52280974225e-08,9.90045205493e-13
0.313085118103,4.7601672899e-06,0.999995233165
0.239711428758,4.04676089511e-14,1.0
0.943679782261,1.43360423811e-10,4.35109857897e-14
0.145329928574,1.168204607e-08,0.999999988213
0.11048248532,2.42995667956e-07,0.999999754187
0.28041585905,2.0329373785e-08,0.999999979625
0.547869004369,0.999999448471,4.10847445455e-07
0.868038061433,2.36070994348e-08,1.47572339185e-12
0.700816719382,0.999948367392,1.33786439517e-08
0.655952126626,0.999999998548,6.97270715148e-12
0.0361871351836,1.02794421387e-05,0.999989530598
0.691462610708,0.99999068089,4.55098230566e-09
0.877134903487,1.46291954983e-09,1.14437391414e-13
0.453198866929,0.956666103634,0.043286931525
0.919619584565,8.27948966856e-16,1.61831192909e-19
0.031975637866,1.19712691627e-05,0.999987802248
