# loop=5
 #v=[array([ 0.67577633]), array([ 0.25367881])]
0.668558803186,0.990861227952,0.00913877204768
0.0435173927398,0.252349478177,0.747650521823
0.0326368221175,0.258595164586,0.741404835414
0.895126901342,0.741612450084,0.258387549916
0.958635723251,0.710586369648,0.289413630352
0.175332200988,0.139290778904,0.860709221096
0.084329767746,0.225733178358,0.774266821642
0.311127287409,0.132883247836,0.867116752164
0.838401809311,0.778225386679,0.221774613321
0.5998776217,0.825999041036,0.174000958964
0.315293880404,0.142884730313,0.857115269687
0.624606289558,0.885357691752,0.114642308248
0.18086822145,0.132239575981,0.867760424019
0.754270309906,0.858884483796,0.141115516204
0.496557316055,0.577989161581,0.422010838419
0.206294335752,0.0959645484963,0.904035451504
0.391295548991,0.325319001557,0.674680998443
0.168452161066,0.147685797152,0.852314202848
0.736034247381,0.882948577249,0.117051422751
0.653242882842,0.954096919769,0.0459030802305
0.461376363299,0.493540864629,0.506459135371
0.473120707605,0.521731967988,0.478268032012
0.790614030107,0.818941673186,0.181058326814
0.429604056878,0.417274676329,0.582725323671
0.229122620814,0.0567066282548,0.943293371745
0.486314286437,0.55340181135,0.44659818865
0.131130358825,0.187179774576,0.812820225424
0.662953097923,0.977405302926,0.0225946970742
0.108413285928,0.207160882951,0.792839117049
0.949033790342,0.714755803852,0.285244196148
0.0352610605948,0.25711779809,0.74288220191
0.356772550615,0.242450057138,0.757549942862
0.182425035408,0.13020673223,0.86979326777
0.249588463647,0.0144069968423,0.985593003158
0.624062749487,0.884052979125,0.115947020875
0.0585917317909,0.243142588954,0.756857411046
0.319559500384,0.15312391699,0.84687608301
0.752293761393,0.861345577758,0.138654422242
0.42228613493,0.399708749391,0.600291250609
0.94687534858,0.715715891041,0.284284108959
0.745621874061,0.869908238596,0.130091761404
0.0454695903858,0.251194519984,0.748805480016
0.89536676033,0.741478081941,0.258521918059
0.946589837691,0.715843531143,0.284156468857
0.18579525095,0.125728081332,0.874271918668
0.828209362149,0.786012998301,0.213987001699
0.260780350084,0.0120305482737,0.987969451726
0.466666022449,0.506238153123,0.493761846877
0.927943886891,0.724519561168,0.275480438832
0.648870527539,0.943601525812,0.0563984741884
0.149626576085,0.168778874738,0.831221125262
0.981163382221,0.701412025889,0.298587974111
0.796492011765,0.813302101862,0.186697898138
0.762893767328,0.848527890227,0.151472109773
0.126987759743,0.191024235361,0.808975764639
0.366917527666,0.266802042159,0.733197957841
0.275138080457,0.0464948189393,0.953505181061
0.281224138586,0.0611037821395,0.93889621786
0.330732846893,0.179944398247,0.820055601753
0.647382595097,0.9400298954,0.0599701045996
0.472859003595,0.521103774145,0.478896225855
0.55931350595,0.728629009128,0.271370990872
0.623954617682,0.883793419731,0.116206580269
0.149621501896,0.168784219631,0.831215780369
0.119752334318,0.197517045215,0.802482954785
0.117836479657,0.199190823149,0.800809176851
0.188779329399,0.121671031271,0.878328968729
0.200557720714,0.104760420467,0.895239579533
0.713475538813,0.917585856001,0.0824141439988
0.353434713771,0.234437919464,0.765562080536
0.370832084037,0.276198536369,0.723801463631
0.42770991386,0.412727978769,0.587272021231
0.61426273708,0.860529046627,0.139470953373
0.12222858774,0.19532588139,0.80467411861
0.206560668953,0.0955466637736,0.904453336226
0.32811287117,0.173655413141,0.826344586859
0.571374157156,0.757579375014,0.242420624986
0.234544764365,0.0462344491538,0.953765550846
0.571656939822,0.758258166028,0.241741833972
0.573963964374,0.763795943693,0.236204056307
0.266098738713,0.0247967989576,0.975203201042
0.568002387751,0.74948578568,0.25051421432
0.744119690674,0.871892402549,0.128107597451
0.280614977833,0.0596415537406,0.940358446259
0.555024231749,0.718333042902,0.281666957098
0.624697885523,0.885577558546,0.114422441454
0.91072695827,0.733173883363,0.266826116637
0.942354940493,0.717754671932,0.282245328068
0.5325529875,0.664393107835,0.335606892165
0.458816675567,0.487396594712,0.512603405288
0.659167694383,0.968318826943,0.0316811730566
0.00541399669705,0.272923466035,0.727076533965
0.753711976006,0.85957628771,0.14042371229
0.204318975853,0.0990371984067,0.900962801593
0.420621389191,0.395712696655,0.604287303345
0.202660950366,0.101580391181,0.898419608819
0.0171709868483,0.26694951424,0.73305048576
0.351418196335,0.229597474567,0.770402525433
0.273294694085,0.0420699575435,0.957930042457
0.638607581669,0.918966368645,0.081033631355
